([9, 36, 18, 1], [array([[-2.70660671,  0.98533051, -0.0250612 , -0.44698076, -1.43449892,
        -0.33827582,  0.38673347,  0.43159096,  0.12727531],
       [ 0.57927852,  0.1360683 , -1.06786314,  0.19761252,  0.48833789,
         1.93965457,  0.02595642, -1.03643907,  1.18885483],
       [ 0.65662787, -0.61823419, -1.1409674 ,  1.61130034, -1.72909149,
        -0.58406317,  0.61240491, -1.18682572, -0.09166493],
       [ 0.59032842, -0.31752409, -1.24908784, -0.56062122, -0.08308876,
         1.24879888, -0.95470058,  1.41445829, -0.88530767],
       [ 1.39240606,  2.17514561,  1.29913   , -0.18717723,  1.66916512,
         1.15490217,  0.48220884, -0.17811287, -0.38620613],
       [-1.1571689 ,  2.33314873,  1.84097591,  1.20767155,  0.68981306,
         0.0156764 , -0.02619385, -0.47254312,  0.17324146],
       [-0.75245433,  0.0146763 , -0.01173377, -0.56927832,  0.91952508,
         0.37749963, -2.89705528, -0.27471566, -0.21650809],
       [-0.37001053,  1.28540782,  0.01202626, -0.42457442, -0.83599152,
         0.16130271, -1.75552429, -0.28363549, -0.58273277],
       [-0.1924537 , -0.36413833, -1.34002884, -1.23240722, -0.16005177,
        -0.83284664,  1.39593593,  0.39051272, -1.08606205],
       [ 0.16761399, -0.33672465,  0.66499414,  1.77641315,  1.50686525,
        -0.43443259,  0.63782679, -0.51886908,  1.12682297],
       [-0.0736608 , -1.55576647, -3.45650944, -0.67548236, -0.9790165 ,
        -0.86505251,  2.14056292,  0.05878287,  0.89998695],
       [-0.968958  ,  0.65333279, -0.59248819, -1.58140059, -0.33154397,
        -0.06762542, -1.10328793,  1.41971949,  0.05689052],
       [-2.0097701 , -2.40189817,  0.89009454,  0.97047097,  0.46112862,
        -1.08750358, -0.92953963,  0.22769626, -0.36195717],
       [-1.32557732,  0.34629032,  2.00896273, -0.72512147,  0.15738811,
         0.10479969, -0.58921101,  0.65400125, -0.69171511],
       [ 0.27499707, -0.49881273,  0.78436402, -0.16982699, -0.88768777,
        -0.68086484, -1.37283014,  0.50716034, -0.15331096],
       [ 0.35826016,  0.59946826,  0.8499862 , -0.08730702, -0.62057258,
         1.6829361 ,  0.61613611,  0.62407024,  0.71405841],
       [ 0.5130741 ,  2.38576389,  0.55597767, -0.07002502,  0.26525058,
        -0.10645906, -0.24651512,  0.0555602 , -0.74392946],
       [ 0.33615091,  0.06292805,  1.82385698, -0.37182554, -1.08355181,
        -0.94295158,  0.6867652 ,  0.32268196, -0.88325284],
       [ 0.93186817, -1.54346582, -0.96177249, -0.50450463, -0.29118868,
        -1.06604383,  1.30870641,  1.09050263,  0.20308832],
       [ 0.21087221,  0.04123115,  0.33979317,  0.8328694 ,  0.90498044,
         0.58081168, -0.24365802, -1.40962885, -1.64861781],
       [ 0.51993361, -1.29718179, -0.32255655,  1.15244474,  0.59955642,
         0.50028296,  0.07482091,  0.84622109,  0.68673894],
       [-0.90913561, -1.27606659, -1.01270358, -0.10104427,  2.20612972,
         0.43998852,  0.03224322,  1.06351551,  0.94226713],
       [-0.93884518, -2.22924543,  2.41617215, -0.56163505, -0.85730045,
         0.78578374, -1.18738144, -0.23258707, -1.4221245 ],
       [ 0.92473628, -0.77636929,  0.09858368,  0.76650972, -0.17306705,
         2.28324962, -0.16919471, -1.67005015,  0.73352417],
       [ 1.83020816,  0.7910036 , -1.75939474, -1.10144652, -0.37533006,
         0.38383291, -0.13491433,  1.18901166,  0.56676945],
       [ 1.29387828, -0.54703994, -1.9787272 ,  0.08738825,  1.75831306,
         0.38805691, -1.25488437,  0.61797011, -0.17381482],
       [ 0.56211482, -1.34514715, -1.53060877, -0.72905882,  0.29870193,
        -0.23165493, -0.2192194 ,  1.19361849, -0.61618967],
       [-0.59276961, -0.77677907,  1.01296162, -0.5474584 , -1.44113447,
        -0.74945012,  0.47449631, -0.02788034,  0.45836227],
       [ 1.04905143,  0.05574179, -0.52064736, -1.90074428,  0.27992198,
         0.94061978,  0.94124601,  0.3668185 , -0.73484344],
       [ 0.30333478, -2.10428108, -1.93845576, -2.0425614 , -0.01467998,
         0.37966054,  0.79578731,  1.61228554, -0.78093562],
       [ 0.22829615, -0.4843982 , -0.62290462,  0.5502865 , -0.36674532,
        -0.93413378,  1.00512409, -0.68555526, -0.1554033 ],
       [ 0.72708039, -0.37777228, -0.74594198,  0.36011644,  1.57206998,
        -1.56679103,  1.70083222,  0.81319964,  0.52946747],
       [ 0.4786123 , -1.33939072,  0.26448332,  1.28305629,  0.50986525,
        -1.5629178 , -0.30373507, -1.42068431, -1.32099234],
       [-1.17765996,  0.9089163 ,  1.27771025, -0.4386126 ,  0.33349385,
        -1.15549059, -0.89833351,  1.26036085,  2.25944694],
       [ 1.12042622, -2.59700352, -0.32388779, -0.09341614,  0.12852737,
        -0.93145397,  2.65432038, -2.12380355, -0.0981646 ],
       [-1.01057893, -0.42138635, -0.09997647, -0.78460838,  0.03920786,
        -1.76633162, -1.09974955,  0.244811  , -1.41721904]]), array([[ 0.31031601, -0.82073164, -1.20035951, -0.14523495, -0.98692199,
         1.76872153,  0.17696564,  1.59550039, -1.06557888,  1.20393671,
        -0.05113983,  0.66896885, -0.41485569,  1.16908477,  2.01656608,
        -1.04850887, -1.15314772,  1.92752424, -1.32817606, -0.35753534,
        -0.86630444, -1.7125802 , -0.51260794, -0.3671827 , -2.75181341,
         0.70660781, -0.07521304, -2.782265  , -0.18622403,  2.22539257,
        -1.00438704, -0.03594357,  1.74622931, -2.52280865,  1.25122166,
         1.86935131],
       [ 1.46664493, -1.1629349 ,  0.74737833, -0.31206051,  1.67253109,
         1.24741685, -0.47022751, -0.06535449, -0.85129256, -0.37790087,
        -0.34839073, -0.01094598, -0.22929049, -0.74192735,  0.10228482,
        -0.50307726,  0.25328068, -0.80374305,  1.48010264,  1.33403861,
         1.35186663, -1.10069439,  0.06194333, -0.23385114,  0.14250148,
         0.6278883 ,  0.91214294, -0.89158276,  1.21781922,  1.06393624,
         1.20886344, -0.40984825,  0.35601073,  0.19275985, -0.79563776,
        -0.8555355 ],
       [-0.07691841, -1.13033152, -1.45491783, -0.3435871 , -0.14610728,
         0.75718021,  1.57268235, -1.29715365,  0.25816511,  0.53660902,
        -1.04533077, -0.42721135, -0.01629649, -0.35255912,  0.71933386,
         1.62534546,  1.96345804, -0.18550683, -0.38761822,  0.91586966,
        -0.29973085, -0.09611531,  0.69235093, -0.95799351,  1.5420822 ,
        -0.31359528,  0.31714994, -0.62846605,  0.22349974, -0.93965859,
        -1.85501301, -0.69425223,  0.40948951, -1.59153991,  0.42513218,
         1.6759064 ],
       [-0.3040353 ,  0.70260514, -0.28320541,  0.82363447, -0.30440423,
        -2.23294053, -0.53681695,  1.23473315, -0.2263623 , -0.73413566,
         0.27886589, -1.48109248,  1.7675162 , -1.06164098,  0.49923951,
         0.20177055, -0.40057465, -1.27239713,  0.01280006, -0.13281385,
        -0.16280603, -2.05989084, -0.06813734, -0.23554559, -0.21906618,
        -0.23168935, -0.73733261, -1.3721311 ,  0.20638208, -1.21956634,
        -0.94960948, -0.03678058,  1.73768273,  0.54730662,  1.01713075,
        -0.33054602],
       [-0.2901987 ,  0.5627463 ,  0.28795752,  0.23109314,  0.51644527,
        -0.23078948, -0.00358597, -0.00692075,  1.62909527, -0.03163787,
         0.07051968,  0.80294465,  0.84989629,  0.85279968, -1.70945789,
        -0.06464687, -0.14921419, -0.13805919,  0.27674895,  0.92140065,
         0.43306651, -0.5095752 , -0.28189577, -1.5432514 , -0.954869  ,
         1.38118954,  0.01494313, -1.55931529, -0.30191725,  0.18671914,
         0.35790595, -1.18433955, -0.44479754,  1.45083349,  2.96727652,
         0.00835421],
       [-1.25462459, -0.67925522, -0.74296579, -0.24165236,  1.05975421,
         1.84669756, -2.0387448 , -0.14910768,  0.37242752, -0.19247362,
        -0.28363046, -0.27993704,  1.49820102,  0.51594137, -0.63462907,
         1.93668891,  1.01378007, -1.29731165, -1.13605673,  0.18754865,
         0.54893016, -1.12760207,  1.31420165,  0.55806228,  1.0048484 ,
        -1.30483863, -1.63629759,  0.37130128, -0.05816405,  0.92009969,
        -0.78473802,  0.48440767, -2.65597909, -0.97765844,  0.5092978 ,
        -1.64648598],
       [-1.08763323, -0.33965309,  0.56559957,  1.23338835, -0.91743771,
        -0.9667597 ,  1.81274465,  2.59198563, -0.29741608, -0.40958201,
         0.79253352,  0.98140355, -1.21317915,  1.53313783, -1.4926074 ,
        -0.3804884 , -2.01582102,  1.18904258,  0.77865832,  0.84240464,
        -0.90798705,  0.47181677, -1.35344065,  0.23866754,  1.6720539 ,
         0.68204882, -0.76376749,  1.52408263, -0.49030988, -0.12624297,
         1.10991057, -1.1250623 ,  0.45936094,  0.18228995, -1.07778248,
         0.07432456],
       [ 0.29446226,  0.40965112,  0.48007973,  1.13509674,  0.54894173,
        -0.03663395,  0.14775596,  0.75007573, -1.11416473,  0.82751027,
        -0.3055019 ,  0.01913429, -1.49495451,  0.98328285, -1.36380981,
         0.02266322, -0.37047168,  1.18462046, -0.10150391,  0.94754475,
        -0.20209188, -0.65363931,  1.00559396, -0.89044766, -2.26865103,
        -2.73049365,  0.80339028,  0.48646254, -0.57568322,  1.00785973,
         1.57725947,  0.00546217, -0.65882929,  2.89171492, -0.76592698,
         0.44827588],
       [-0.68982918, -2.07052232, -0.19549492, -0.53283339,  0.77582344,
         0.04911654, -0.52120107,  1.29194192, -0.61041515, -1.26386843,
        -1.08814447, -1.39333584, -1.31981359,  0.52886318, -0.54880174,
         0.42552933,  0.34868667, -1.72627117, -0.49879717, -0.89533244,
        -0.6650103 ,  1.43039235,  1.65034046,  0.94313062, -2.27434419,
         0.99113947,  0.78519535,  1.3602714 , -0.58976978, -1.76536551,
        -1.28769655,  1.13447344,  1.514202  ,  1.08125934, -0.67493168,
         0.43659459],
       [ 0.83059238, -0.65550406,  0.92708155, -0.3280101 , -0.06459113,
        -0.8514745 ,  0.95720176, -0.95216003,  0.41707427, -0.85975008,
        -1.16295386, -0.47352577,  0.88576794, -0.12023354,  0.00594754,
         0.39175556,  0.70131744,  0.20403828,  0.10613916, -0.44982518,
         1.51675327, -1.82554783, -1.6050526 ,  0.10733419,  0.03510562,
        -0.68311953,  0.77728826, -1.24948678, -0.95227133,  0.94160574,
        -1.33130463,  0.89800782,  0.01897997,  0.30236945, -0.10414339,
         0.38732806],
       [ 0.79367475, -1.45039396, -1.43485221,  0.57960899, -0.28954979,
        -1.12618417,  1.11221062, -0.84238671,  0.31337195, -0.64728245,
         0.24845488, -1.63111763, -1.53746548,  0.96802489, -1.29605887,
         1.33287603,  2.10888279, -0.57686512,  0.09252871,  0.65416983,
        -0.47439572,  0.67904745, -0.97765278, -0.7911019 ,  1.64793894,
         1.0909103 , -0.61726401, -0.66976583,  0.11284401,  0.45596167,
         0.62260209,  0.93653027, -0.29849841,  0.05489778, -0.05652911,
         1.71956266],
       [ 1.03986418, -0.69667393,  0.0852749 ,  0.46821889,  0.17971977,
        -0.13132133,  0.56872792, -0.04075034, -0.02773915,  1.53680525,
        -0.83049847,  0.6811605 , -0.11853   , -0.09752179, -0.29394515,
         0.39212848,  1.57571964, -0.45927454,  0.19550166,  0.49294392,
        -0.33836136, -0.91047664, -0.51856601,  1.58180151, -1.38189249,
        -0.30295698, -0.90367895, -0.02517774, -1.52218225, -0.1556484 ,
        -1.94593858,  1.43647523, -0.39597653,  1.32628963, -1.08417187,
        -0.59947839],
       [ 0.0414921 ,  0.22860836, -0.63297676,  1.09050193, -0.38273155,
        -0.71986289, -0.65361711, -0.79197027,  1.85517079, -0.20080043,
         0.40853599, -1.0654013 , -1.24120387, -0.62626381, -1.02442437,
         0.39231639,  0.76062118,  0.82749033, -1.19237404,  2.0465408 ,
         0.62225645,  0.42699751,  0.40390661,  0.31803837,  0.52417867,
         0.22979804,  1.20170688, -1.38596486, -3.01514455, -1.77453985,
        -1.17116699, -0.36848405,  0.65571565, -0.35462666, -1.1392817 ,
         1.84169029],
       [ 0.86917535,  0.74721797, -0.62738215,  0.66946164,  1.15642608,
        -1.5854555 , -1.03961119, -1.40376192,  0.79920676, -0.99642886,
        -0.67327446, -1.38692984,  0.31299728,  0.00404548,  0.6165157 ,
         1.56631787,  0.62412018,  0.68745799, -0.3453798 , -0.73161157,
        -0.39634078, -0.74154178,  0.90734927,  0.11452066, -0.23419928,
        -1.55692493,  0.63549276, -1.453089  ,  0.51658651,  0.3464677 ,
        -1.23984522, -1.19682218, -0.39799232,  0.88201867, -1.14531647,
        -0.81607008],
       [-0.66094995,  0.52945717,  1.19427331,  1.33512288,  1.54507172,
        -1.38532563, -1.01571967,  0.62023095,  1.12141838,  0.27349682,
        -1.16671196, -1.15657863, -1.8696909 ,  0.76470441, -0.04931983,
         0.28109544,  0.08400549, -0.37836108,  0.10066672,  1.62622783,
         1.65623138,  0.14792933,  0.3778976 , -0.09199775,  0.44735607,
        -0.59364917,  1.11799204,  0.27720712,  0.78285752, -1.44171291,
        -0.84921703,  0.22855897,  2.04792579, -1.64203648, -0.51134095,
        -0.10403211],
       [-1.02252431,  0.33074247, -0.29162811, -0.13691485,  0.1750705 ,
        -1.41137249,  0.20106269, -1.30623058,  1.22805029, -0.48937296,
         0.59335269,  1.07838639,  1.07439461, -0.96719676, -1.08032569,
         0.09031572,  0.08203722,  0.37484495,  0.43726476, -0.09930758,
         1.86938598, -2.6538308 , -1.23847747,  0.94550156, -0.70414937,
         1.0128865 , -1.1244293 ,  0.74962384,  1.70774315, -0.73031266,
         1.31834985, -1.03163803,  0.42071209, -0.47525406,  1.30112886,
         0.23171403],
       [ 0.16078746, -1.93496236,  1.0495427 ,  0.82576126,  1.05063925,
         0.94795157,  0.90252656,  0.13896238,  1.65930366,  0.37804889,
         0.7105147 , -0.3779398 ,  2.37559223,  0.90808649,  0.23208865,
        -1.32437335, -2.18688323,  0.49190206, -0.38781647,  1.59212754,
        -0.93909301, -0.79118905,  0.72431245, -0.26381081, -0.8093372 ,
        -1.63348097, -1.18841338,  1.15928597,  0.91435428,  1.49261349,
        -0.84175504, -0.28869321,  0.79687981, -0.00903578, -0.60250452,
         0.14979761],
       [ 0.41246303, -0.1777226 ,  1.19743299,  1.27236572,  1.02694443,
         0.51897963, -0.66166021, -2.31064495,  2.28854743,  0.12635546,
         1.10246781,  1.0194867 ,  1.69206847,  0.70738936,  0.08431096,
        -0.24276109, -1.42602181, -0.64010734, -0.05932897, -1.32108898,
         0.81592041,  0.28435579,  0.30136539, -0.83152668, -0.15490694,
         0.47234865,  0.02628814,  1.2655317 , -0.72670156, -0.71483998,
         0.79744838,  1.00796961,  0.92717544,  0.10027181,  0.50474552,
         1.23835416]]), array([[ 2.1440166 , -1.61309568, -0.57976027,  0.92973158, -0.78390287,
        -0.7694422 , -0.03518519,  1.92320195, -0.91878194,  0.95970971,
        -1.19336813, -2.34212807, -2.22017111, -2.15579869,  0.30234906,
        -1.83490405,  3.24026081,  0.17233734]])], [array([[-0.2302544 ],
       [ 1.57123044],
       [ 0.76516945],
       [ 0.06447495],
       [-0.08761441],
       [-0.89170122],
       [ 0.12610847],
       [-1.21491821],
       [ 0.37523768],
       [-1.78180676],
       [-1.19143749],
       [ 1.41121147],
       [ 1.46555943],
       [ 1.28297228],
       [-1.95887979],
       [-1.36766242],
       [-1.34777525],
       [-1.68960442],
       [ 0.1938292 ],
       [-0.43653874],
       [ 0.05391228],
       [-0.56650047],
       [-0.92014125],
       [ 2.06027707],
       [ 0.6899494 ],
       [-0.95907706],
       [ 1.09641192],
       [-0.61475909],
       [-0.14444483],
       [ 1.28568768],
       [-0.7321075 ],
       [-0.29213446],
       [-0.29063613],
       [ 1.54639737],
       [ 1.9552019 ],
       [ 0.21590875]]), array([[ 1.7352332 ],
       [-1.2134304 ],
       [-0.24689611],
       [ 1.21879445],
       [-0.14472379],
       [ 0.4357638 ],
       [ 0.22167305],
       [ 0.62020127],
       [ 0.36678173],
       [-1.45034739],
       [-0.39243974],
       [-0.75519352],
       [ 0.62239451],
       [-1.70764656],
       [-0.84363381],
       [ 1.25229609],
       [ 0.39180854],
       [ 2.43209163]]), array([[-0.5918679]])])